0 26 -84
26 0 -84
0 16 -88
16 0 -88
0 25 -63
25 0 -63
0 1 -76
1 0 -76
1 26 -65
26 1 -65
1 23 -69
23 1 -69
1 6 -64
6 1 -64
2 23 -95
23 2 -95
2 13 -87
13 2 -87
2 7 -74
7 2 -74
3 11 -77
11 3 -77
3 7 -65
7 3 -65
3 20 -60
20 3 -60
3 8 -80
8 3 -80
4 11 -85
11 4 -85
4 18 -88
18 4 -88
4 8 -92
8 4 -92
4 17 -74
17 4 -74
5 7 -75
7 5 -75
5 17 -89
17 5 -89
6 22 -63
22 6 -63
6 14 -88
14 6 -88
6 8 -93
8 6 -93
7 22 -64
22 7 -64
7 16 -75
16 7 -75
8 7 -90
7 8 -90
8 13 -79
13 8 -79
8 24 -71
24 8 -71
9 13 -84
13 9 -84
9 23 -96
23 9 -96
9 18 -99
18 9 -99
10 25 -90
25 10 -90
10 24 -96
24 10 -96
10 16 -66
16 10 -66
11 5 -90
5 11 -90
11 24 -79
24 11 -79
11 4 -86
4 11 -86
11 28 -66
28 11 -66
12 26 -87
26 12 -87
12 10 -85
10 12 -85
12 24 -75
24 12 -75
12 15 -72
15 12 -72
13 23 -77
23 13 -77
13 29 -64
29 13 -64
13 27 -69
27 13 -69
14 8 -91
8 14 -91
14 6 -93
6 14 -93
14 23 -65
23 14 -65
15 10 -81
10 15 -81
15 13 -90
13 15 -90
15 18 -68
18 15 -68
16 0 -93
0 16 -93
17 18 -87
18 17 -87
17 2 -78
2 17 -78
17 15 -60
15 17 -60
18 15 -99
15 18 -99
19 9 -79
9 19 -79
19 7 -63
7 19 -63
19 24 -80
24 19 -80
19 13 -83
13 19 -83
20 4 -67
4 20 -67
20 25 -79
25 20 -79
21 25 -88
25 21 -88
21 4 -90
4 21 -90
21 1 -96
1 21 -96
22 28 -71
28 22 -71
22 11 -69
11 22 -69
23 29 -78
29 23 -78
24 13 -75
13 24 -75
25 19 -77
19 25 -77
25 16 -64
16 25 -64
26 17 -79
17 26 -79
27 11 -99
11 27 -99
28 10 -67
10 28 -67
28 15 -67
15 28 -67
28 12 -67
12 28 -67
28 24 -91
24 28 -91
29 0 -84
0 29 -84
29 5 -90
5 29 -90
