0 12 -61
12 0 -61
0 4 -78
4 0 -78
1 9 -66
9 1 -66
1 4 -60
4 1 -60
1 8 -65
8 1 -65
1 13 -94
13 1 -94
2 16 -83
16 2 -83
2 12 -80
12 2 -80
2 3 -70
3 2 -70
3 14 -65
14 3 -65
3 0 -71
0 3 -71
4 19 -65
19 4 -65
4 5 -97
5 4 -97
4 14 -73
14 4 -73
4 10 -76
10 4 -76
5 17 -93
17 5 -93
5 14 -87
14 5 -87
5 0 -94
0 5 -94
6 10 -65
10 6 -65
7 19 -78
19 7 -78
8 13 -62
13 8 -62
9 5 -87
5 9 -87
9 3 -68
3 9 -68
9 12 -80
12 9 -80
10 4 -81
4 10 -81
10 3 -80
3 10 -80
11 13 -64
13 11 -64
11 9 -62
9 11 -62
11 19 -87
19 11 -87
11 10 -80
10 11 -80
12 6 -73
6 12 -73
12 18 -60
18 12 -60
13 14 -72
14 13 -72
14 9 -84
9 14 -84
15 4 -94
4 15 -94
15 16 -64
16 15 -64
15 12 -81
12 15 -81
16 0 -78
0 16 -78
17 10 -92
10 17 -92
17 8 -90
8 17 -90
17 7 -70
7 17 -70
17 11 -76
11 17 -76
18 12 -74
12 18 -74
18 8 -72
8 18 -72
18 7 -98
7 18 -98
18 14 -73
14 18 -73
19 16 -73
16 19 -73
19 6 -72
6 19 -72
19 4 -88
4 19 -88
19 17 -93
17 19 -93
